page_id,female,male,NB
4116,0.0,0.0,0.0
5378,0.0,0.0,0.0
7376,0.0,0.0,0.0
8651,0.0,0.0,0.0
10489,0.0,1.0,0.0
12024,0.0,0.0,0.0
13758,0.0,0.0,0.0
14021,0.0,0.0,0.0
15736,0.0,1.0,0.0
22939,0.0,0.0,0.0
26262,0.0,0.0,0.0
28431,0.0,0.0,0.0
28434,0.0,0.0,0.0
31880,0.0,0.0,0.0
38579,0.0,0.0,0.0
38737,0.0,0.0,0.0
38992,0.0,0.0,0.0
40203,0.0,0.0,0.0
42975,0.0,0.0,0.0
44062,0.0,0.0,0.0
48824,0.0,0.0,0.0
50650,0.0,0.0,0.0
58930,0.0,0.0,0.0
58939,0.0,0.0,0.0
58953,0.0,0.0,0.0
83754,0.0,0.0,0.0
113053,0.0,0.0,0.0
142345,1.0,0.0,0.0
177098,0.0,0.0,0.0
177602,0.0,0.0,0.0
186468,0.0,0.0,0.0
186630,0.0,0.0,0.0
208656,0.0,0.0,0.0
216601,0.0,0.0,0.0
224698,0.0,1.0,0.0
261407,0.0,0.0,0.0
306755,0.0,0.0,0.0
333633,0.0,0.0,0.0
339572,0.0,1.0,0.0
361897,0.0,0.0,0.0
364369,0.0,0.0,0.0
434221,0.0,0.0,0.0
471487,0.0,0.0,0.0
473634,0.0,1.0,0.0
598981,0.0,1.0,0.0
621989,0.0,1.0,0.0
658074,0.0,0.0,0.0
723993,0.0,0.0,0.0
801330,0.0,0.0,0.0
867515,0.0,0.0,0.0
1411100,0.0,0.0,0.0
1505128,0.0,0.0,0.0
1511862,0.0,0.0,0.0
1524517,0.0,0.0,0.0
1529775,0.0,0.0,0.0
1670707,0.0,0.0,0.0
1784313,0.0,0.0,0.0
1864889,0.0,0.0,0.0
1972777,0.0,1.0,0.0
1989270,0.0,1.0,0.0
2039133,0.0,0.0,0.0
2639335,0.0,0.0,0.0
2773825,0.0,0.0,0.0
2776501,0.0,0.0,0.0
2794117,0.0,0.0,0.0
3304608,0.0,0.0,0.0
3400190,0.0,0.0,0.0
3946940,0.0,1.0,0.0
4370870,1.0,0.0,0.0
5985207,0.0,0.0,0.0
6012554,0.0,0.0,0.0
6712260,0.0,0.0,0.0
7070301,0.0,0.0,0.0
10789397,0.0,1.0,0.0
12626653,0.0,0.0,0.0
13405795,0.0,1.0,0.0
15862493,0.0,0.0,0.0
15951109,0.0,0.0,0.0
16249824,0.0,0.0,0.0
19604228,0.0,0.0,0.0
23694864,0.0,0.0,0.0
25119101,0.0,0.0,0.0
25561671,0.0,1.0,0.0
26237277,0.0,0.0,0.0
28371067,0.0,0.0,0.0
29230973,0.0,0.0,0.0
32466573,0.0,1.0,0.0
33196514,0.0,0.0,0.0
34447843,0.0,0.0,0.0
35223708,0.0,0.0,0.0
35731918,1.0,0.0,0.0
36061850,0.0,1.0,0.0
39139794,0.0,1.0,0.0
41476822,0.0,0.0,0.0
41476827,0.0,0.0,0.0
41476832,0.0,0.0,0.0
42655989,0.0,0.0,0.0
56477466,0.0,0.0,0.0
59676605,0.0,0.0,0.0
60457571,0.0,0.0,0.0
3010,0.0,1.0,0.0
4246,0.0,0.0,0.0
4471,0.0,1.0,0.0
6176,0.0,1.0,0.0
8079,0.0,1.0,0.0
10576,0.0,1.0,0.0
15780,0.0,0.0,0.0
16069,0.0,1.0,0.0
18995,0.0,1.0,0.0
19029,0.0,0.0,0.0
20218,0.0,1.0,0.0
25169,0.0,1.0,0.0
26941,0.0,1.0,0.0
26942,0.0,1.0,0.0
27337,0.0,1.0,0.0
32901,0.0,1.0,0.0
36882,0.0,1.0,0.0
43823,0.0,1.0,0.0
43855,0.0,1.0,0.0
44136,0.0,1.0,0.0
45185,0.0,1.0,0.0
97787,0.0,1.0,0.0
101407,0.0,1.0,0.0
133856,1.0,0.0,0.0
138483,0.0,1.0,0.0
154144,1.0,0.0,0.0
155979,1.0,0.0,0.0
158889,0.0,1.0,0.0
163016,0.0,1.0,0.0
167288,0.0,1.0,0.0
177180,0.0,1.0,0.0
190414,1.0,0.0,0.0
193306,0.0,0.0,0.0
198606,0.0,1.0,0.0
213163,0.0,1.0,0.0
261398,0.0,1.0,0.0
273777,0.0,1.0,0.0
292130,1.0,0.0,0.0
307158,0.0,0.0,0.0
312451,0.0,1.0,0.0
343137,0.0,1.0,0.0
358263,0.0,0.0,0.0
371868,0.0,1.0,0.0
374451,1.0,0.0,0.0
392658,0.0,1.0,0.0
402402,0.0,0.0,0.0
419280,0.0,1.0,0.0
454104,1.0,0.0,0.0
460446,1.0,0.0,0.0
466258,0.0,1.0,0.0
479160,0.0,1.0,0.0
633074,0.0,0.0,0.0
663389,0.0,1.0,0.0
690481,0.0,1.0,0.0
838743,0.0,1.0,0.0
867583,0.0,1.0,0.0
884488,0.0,1.0,0.0
1042729,1.0,0.0,0.0
1056321,0.0,1.0,0.0
1328408,0.0,1.0,0.0
1355575,0.0,1.0,0.0
1533145,0.0,1.0,0.0
1567123,0.0,1.0,0.0
1567827,0.0,1.0,0.0
1732563,1.0,0.0,0.0
1817766,0.0,1.0,0.0
2080826,0.0,1.0,0.0
2278554,1.0,0.0,0.0
2323727,0.0,0.0,1.0
2760350,0.0,1.0,0.0
3730063,0.0,1.0,0.0
3825963,0.0,0.0,0.0
4292687,0.0,0.0,0.0
5195275,0.0,1.0,0.0
6907468,0.0,1.0,0.0
8030907,0.0,1.0,0.0
8050523,0.0,0.0,0.0
10686314,0.0,0.0,0.0
11522538,0.0,1.0,0.0
12540544,0.0,1.0,0.0
13128466,0.0,1.0,0.0
14551473,0.0,0.0,0.0
15025857,0.0,1.0,0.0
19615494,0.0,1.0,0.0
20767827,0.0,1.0,0.0
30192639,0.0,1.0,0.0
30469930,0.0,1.0,0.0
30740116,1.0,0.0,0.0
31161756,0.0,0.0,0.0
32559307,0.0,0.0,0.0
38498901,0.0,0.0,0.0
40941903,0.0,0.0,0.0
40969103,0.0,1.0,0.0
43047716,0.0,1.0,0.0
43332633,0.0,1.0,0.0
48159523,0.0,0.0,0.0
53654218,0.0,0.0,0.0
63173990,0.0,1.0,0.0
63837648,0.0,0.0,0.0
69960876,0.0,0.0,0.0
8083,0.0,1.0,0.0
18646,0.0,0.0,0.0
22090,0.0,0.0,0.0
25423,0.0,0.0,0.0
102873,0.0,0.0,0.0
145532,0.0,1.0,0.0
149681,0.0,1.0,0.0
149809,0.0,1.0,0.0
160401,0.0,0.0,0.0
160422,0.0,0.0,0.0
160784,0.0,0.0,0.0
160785,0.0,0.0,0.0
160786,0.0,0.0,0.0
160794,0.0,0.0,0.0
160798,0.0,0.0,0.0
160799,0.0,0.0,0.0
160802,0.0,0.0,0.0
160805,0.0,0.0,0.0
160806,0.0,0.0,0.0
160807,0.0,0.0,0.0
160808,0.0,0.0,0.0
160814,0.0,0.0,0.0
161048,0.0,0.0,0.0
178664,0.0,0.0,0.0
180519,1.0,0.0,0.0
222024,0.0,1.0,0.0
222165,0.0,1.0,0.0
249465,0.0,0.0,0.0
305552,0.0,0.0,0.0
307387,0.0,0.0,0.0
308331,0.0,0.0,0.0
314508,0.0,1.0,0.0
394633,0.0,0.0,0.0
483321,0.0,1.0,0.0
619749,0.0,1.0,0.0
775013,0.0,1.0,0.0
866020,0.0,0.0,0.0
1014469,0.0,1.0,0.0
1053430,0.0,0.0,0.0
1062611,0.0,0.0,0.0
1258977,0.0,1.0,0.0
1708878,0.0,1.0,0.0
1786465,0.0,0.0,0.0
1891201,0.0,1.0,0.0
1975578,0.0,1.0,0.0
2061090,0.0,1.0,0.0
2147985,0.0,1.0,0.0
2173192,0.0,0.0,0.0
2256825,0.0,0.0,0.0
2324694,0.0,1.0,0.0
2577348,0.0,1.0,0.0
2628444,0.0,0.0,0.0
2796527,0.0,1.0,0.0
2872345,0.0,1.0,0.0
2930326,0.0,0.0,0.0
3336700,0.0,0.0,0.0
3555227,0.0,0.0,0.0
3786606,0.0,0.0,0.0
6202661,0.0,0.0,0.0
7540258,0.0,0.0,0.0
7621334,0.0,0.0,0.0
10376372,0.0,0.0,0.0
10570375,0.0,1.0,0.0
12584492,0.0,0.0,0.0
16004782,0.0,0.0,0.0
17017202,0.0,0.0,0.0
17635451,0.0,0.0,0.0
19180598,0.0,0.0,0.0
19339073,0.0,0.0,0.0
21367877,0.0,0.0,0.0
21539181,1.0,0.0,0.0
23133887,0.0,0.0,0.0
24572192,0.0,0.0,0.0
26095723,0.0,0.0,0.0
27005455,0.0,1.0,0.0
27978151,0.0,0.0,0.0
28817595,0.0,1.0,0.0
30480220,0.0,0.0,0.0
31372593,0.0,0.0,0.0
36962156,0.0,0.0,0.0
38337784,0.0,0.0,0.0
39530703,0.0,1.0,0.0
41450203,0.0,1.0,0.0
41659816,0.0,0.0,0.0
42483988,0.0,1.0,0.0
43153797,0.0,1.0,0.0
44377954,0.0,0.0,0.0
47146215,0.0,0.0,0.0
47567077,0.0,0.0,0.0
48556926,0.0,1.0,0.0
49946677,0.0,0.0,0.0
51844288,0.0,0.0,0.0
52290702,0.0,0.0,0.0
55983781,0.0,0.0,0.0
57338502,0.0,1.0,0.0
59001022,0.0,0.0,0.0
61324701,0.0,0.0,0.0
62224708,0.0,0.0,0.0
64045945,0.0,0.0,0.0
65433611,0.0,0.0,0.0
1152,0.0,1.0,0.0
3390,0.0,0.0,0.0
3833,0.0,0.0,0.0
5813,0.0,1.0,0.0
8091,0.0,1.0,0.0
9253,0.0,0.0,0.0
10172,0.0,1.0,0.0
15872,0.0,1.0,0.0
16808,0.0,0.0,0.0
21433,0.0,0.0,0.0
22055,0.0,1.0,0.0
23193,0.0,0.0,0.0
23624,0.0,1.0,0.0
29798,0.0,0.0,0.0
30292,0.0,0.0,0.0
31353,0.0,0.0,0.0
32037,1.0,0.0,0.0
34452,1.0,0.0,0.0
43494,0.0,0.0,0.0
52799,0.0,1.0,0.0
52847,0.0,0.0,0.0
56755,0.0,1.0,0.0
74215,0.0,0.0,0.0
113620,0.0,0.0,0.0
138848,0.0,0.0,0.0
142539,0.0,1.0,0.0
154997,0.0,0.0,0.0
158000,0.0,1.0,0.0
192030,0.0,1.0,0.0
209950,0.0,0.0,0.0
210085,0.0,0.0,0.0
223318,0.0,1.0,0.0
290237,0.0,0.0,0.0
321978,0.0,0.0,0.0
334683,0.0,1.0,0.0
392707,0.0,0.0,0.0
393363,0.0,0.0,0.0
401763,0.0,0.0,0.0
503214,0.0,0.0,0.0
517386,0.0,0.0,0.0
521340,0.0,0.0,0.0
579801,0.0,0.0,0.0
650383,0.0,1.0,0.0
782411,0.0,0.0,0.0
782607,0.0,0.0,0.0
926219,0.0,0.0,0.0
937080,0.0,0.0,0.0
960017,0.0,1.0,0.0
987549,0.0,1.0,0.0
996597,0.0,1.0,0.0
1074168,1.0,0.0,0.0
1101767,0.0,0.0,0.0
1225733,0.0,1.0,0.0
1591936,0.0,0.0,0.0
1803473,0.0,1.0,0.0
1881146,0.0,1.0,0.0
2036479,0.0,0.0,0.0
2473184,0.0,0.0,0.0
3105499,0.0,0.0,0.0
3727699,0.0,1.0,0.0
5076629,0.0,1.0,0.0
6097209,0.0,1.0,0.0
7391183,0.0,0.0,0.0
8746936,0.0,1.0,0.0
9069056,0.0,0.0,0.0
11015529,0.0,1.0,0.0
12105265,0.0,0.0,0.0
12937599,0.0,0.0,0.0
13606835,0.0,1.0,0.0
18963870,0.0,0.0,0.0
21061121,0.0,1.0,0.0
22605855,0.0,1.0,0.0
23299133,0.0,0.0,0.0
23713433,0.0,0.0,0.0
24125194,1.0,0.0,0.0
24186280,0.0,0.0,0.0
25336483,0.0,0.0,0.0
27182415,0.0,0.0,0.0
27866702,0.0,0.0,0.0
28523058,0.0,0.0,0.0
28936600,0.0,1.0,0.0
32043408,1.0,0.0,0.0
35953231,0.0,0.0,0.0
37655417,0.0,0.0,0.0
37995171,0.0,0.0,0.0
45315042,0.0,0.0,0.0
45536560,0.0,0.0,0.0
46678676,0.0,0.0,0.0
53785855,0.0,1.0,0.0
54638395,0.0,0.0,0.0
57218749,0.0,0.0,0.0
63999904,0.0,0.0,0.0
64557612,0.0,0.0,0.0
65029692,0.0,0.0,0.0
65110015,0.0,0.0,0.0
66545496,0.0,0.0,0.0
66703792,0.0,0.0,0.0
67023337,0.0,0.0,0.0
67098868,0.0,0.0,0.0
69761446,0.0,0.0,0.0
3747,0.0,1.0,0.0
36739,0.0,0.0,0.0
43108,0.0,0.0,0.0
126769,0.0,0.0,0.0
161537,0.0,1.0,0.0
181579,0.0,1.0,0.0
231000,0.0,0.0,0.0
240152,0.0,1.0,0.0
354597,0.0,1.0,0.0
367282,0.0,0.0,0.0
381909,0.0,0.0,0.0
424901,0.0,0.0,0.0
459382,0.0,0.0,0.0
659333,0.0,1.0,0.0
796578,0.0,1.0,0.0
850792,0.0,0.0,0.0
877557,0.0,0.0,0.0
894522,0.0,0.0,0.0
1024040,0.0,0.0,0.0
1043102,0.0,0.0,0.0
1136385,0.0,1.0,0.0
1209966,0.0,1.0,0.0
1222985,0.0,0.0,0.0
1229594,0.0,1.0,0.0
1722673,0.0,0.0,0.0
1806870,0.0,0.0,0.0
1822400,0.0,0.0,0.0
1968470,0.0,0.0,0.0
1983344,0.0,0.0,0.0
2052081,0.0,0.0,0.0
2056005,0.0,0.0,0.0
2074517,0.0,0.0,0.0
2087154,0.0,0.0,0.0
2184531,0.0,0.0,0.0
2554785,0.0,0.0,0.0
3328890,0.0,0.0,0.0
3375386,0.0,0.0,0.0
3562628,0.0,0.0,0.0
3625448,0.0,0.0,0.0
3710885,0.0,0.0,0.0
3745212,0.0,0.0,0.0
4035276,0.0,0.0,0.0
4086368,0.0,0.0,0.0
4342271,0.0,0.0,0.0
5126337,0.0,1.0,0.0
5189452,0.0,0.0,0.0
5928640,0.0,1.0,0.0
6109102,0.0,0.0,0.0
6221520,0.0,0.0,0.0
6342012,0.0,0.0,0.0
7093767,0.0,0.0,0.0
7904498,0.0,0.0,0.0
8050607,0.0,0.0,0.0
8337509,0.0,0.0,0.0
8524502,0.0,0.0,0.0
8643895,0.0,0.0,0.0
8684628,0.0,0.0,0.0
8910489,0.0,0.0,0.0
9661198,1.0,0.0,0.0
10290198,0.0,0.0,0.0
11222559,0.0,0.0,0.0
12177673,0.0,0.0,0.0
12296185,0.0,0.0,0.0
13772020,0.0,0.0,0.0
14078966,0.0,0.0,0.0
14239933,0.0,0.0,0.0
15712860,0.0,0.0,0.0
17270212,0.0,0.0,0.0
18998741,0.0,0.0,0.0
18999140,0.0,0.0,0.0
21557431,0.0,0.0,0.0
21622602,0.0,0.0,0.0
21781416,0.0,0.0,0.0
21954790,0.0,0.0,0.0
23048664,0.0,0.0,0.0
24032206,0.0,0.0,0.0
28319383,0.0,0.0,0.0
31519517,0.0,0.0,0.0
34035632,0.0,1.0,0.0
38083593,0.0,0.0,0.0
38501570,0.0,0.0,0.0
38964511,0.0,0.0,0.0
39599865,0.0,0.0,0.0
42020837,0.0,0.0,0.0
45622209,0.0,0.0,0.0
46656950,0.0,0.0,0.0
46945920,0.0,0.0,0.0
47916850,0.0,0.0,0.0
49514870,0.0,0.0,0.0
50037005,0.0,0.0,0.0
55718325,0.0,0.0,0.0
55719669,0.0,0.0,0.0
58875652,0.0,0.0,0.0
61231471,0.0,0.0,0.0
63487896,0.0,0.0,0.0
63940970,0.0,0.0,0.0
65418950,0.0,0.0,0.0
68879305,0.0,0.0,0.0
69560534,0.0,0.0,0.0
12537,0.0,0.0,0.0
46341,0.0,0.0,0.0
49022,0.0,0.0,0.0
55545,0.0,0.0,0.0
99199,0.0,1.0,0.0
263633,0.0,0.0,0.0
265595,0.0,0.0,0.0
286816,0.0,0.0,0.0
346079,0.0,0.0,0.0
362378,0.0,0.0,0.0
395095,0.0,0.0,0.0
558665,0.0,0.0,0.0
602009,0.0,0.0,0.0
659980,0.0,0.0,0.0
917794,0.0,0.0,0.0
1049454,0.0,0.0,0.0
1301543,0.0,0.0,0.0
1553774,0.0,0.0,0.0
1849179,0.0,0.0,0.0
1908554,0.0,0.0,0.0
1967355,0.0,0.0,0.0
2028498,0.0,0.0,0.0
2308272,0.0,0.0,0.0
2343499,0.0,0.0,0.0
2614773,0.0,0.0,0.0
2865984,0.0,0.0,0.0
2963540,0.0,0.0,0.0
3189610,0.0,0.0,0.0
3235283,0.0,0.0,0.0
3470070,0.0,0.0,0.0
3480138,0.0,0.0,0.0
3565364,0.0,0.0,0.0
3618925,0.0,0.0,0.0
3907546,0.0,0.0,0.0
3920485,0.0,0.0,0.0
4047598,0.0,0.0,0.0
4066919,0.0,0.0,0.0
4466237,0.0,0.0,0.0
5104741,0.0,0.0,0.0
5716140,0.0,0.0,0.0
5817152,0.0,0.0,0.0
5946134,0.0,0.0,0.0
6046528,0.0,0.0,0.0
6405792,0.0,0.0,0.0
6731624,0.0,0.0,0.0
6882725,0.0,0.0,0.0
7695161,0.0,0.0,0.0
7697949,0.0,0.0,0.0
7770818,0.0,0.0,0.0
7832626,0.0,0.0,0.0
7873607,0.0,0.0,0.0
7997091,0.0,0.0,0.0
8341236,0.0,0.0,0.0
8449819,0.0,0.0,0.0
8629265,0.0,0.0,0.0
9678437,0.0,0.0,0.0
10277523,0.0,0.0,0.0
10474398,0.0,0.0,0.0
11099186,0.0,0.0,0.0
11310537,0.0,0.0,0.0
11734518,0.0,0.0,0.0
11833550,0.0,0.0,0.0
12154712,0.0,0.0,0.0
12182568,0.0,0.0,0.0
14239288,0.0,0.0,0.0
16907382,0.0,0.0,0.0
16960366,0.0,0.0,0.0
17056088,1.0,0.0,0.0
17423837,0.0,0.0,0.0
18564030,0.0,0.0,0.0
18611658,0.0,0.0,0.0
19958682,0.0,0.0,0.0
20680646,0.0,0.0,0.0
22458308,0.0,0.0,0.0
23968732,0.0,0.0,0.0
24166298,0.0,0.0,0.0
24240447,0.0,0.0,0.0
26569281,0.0,0.0,0.0
26942605,0.0,0.0,0.0
27400927,0.0,0.0,0.0
29141681,0.0,0.0,0.0
32056185,0.0,0.0,0.0
32239397,0.0,0.0,0.0
33287603,0.0,0.0,0.0
33340012,0.0,0.0,0.0
35292224,0.0,0.0,0.0
36853397,0.0,1.0,0.0
36942065,0.0,0.0,0.0
38694476,0.0,0.0,0.0
39750583,0.0,0.0,0.0
40177084,0.0,0.0,0.0
43671300,0.0,0.0,0.0
44816562,0.0,0.0,0.0
52558890,0.0,0.0,0.0
54655077,0.0,0.0,0.0
56780113,0.0,0.0,0.0
59176764,0.0,0.0,0.0
67023539,0.0,0.0,0.0
68484173,0.0,0.0,0.0
68717951,0.0,0.0,0.0
5288,0.0,0.0,0.0
15531,0.0,1.0,0.0
16518,0.0,1.0,0.0
20180,0.0,0.0,0.0
22706,0.0,0.0,0.0
24540,0.0,1.0,0.0
33163,0.0,1.0,0.0
44116,0.0,0.0,0.0
45190,0.0,1.0,0.0
47398,0.0,0.0,0.0
67482,0.0,1.0,0.0
97817,0.0,1.0,0.0
102873,0.0,0.0,0.0
155152,0.0,1.0,0.0
160228,0.0,0.0,0.0
160772,0.0,0.0,0.0
160783,0.0,0.0,0.0
160785,0.0,0.0,0.0
161051,0.0,0.0,0.0
161053,0.0,0.0,0.0
161054,0.0,0.0,0.0
161056,0.0,0.0,0.0
161115,0.0,0.0,0.0
161119,0.0,0.0,0.0
161123,0.0,0.0,0.0
163760,0.0,0.0,0.0
163761,0.0,0.0,0.0
170712,0.0,0.0,0.0
186909,0.0,0.0,0.0
254135,0.0,1.0,0.0
256324,0.0,1.0,0.0
284713,0.0,0.0,0.0
302686,0.0,1.0,0.0
306714,0.0,0.0,0.0
312284,0.0,1.0,0.0
326528,0.0,1.0,0.0
341837,0.0,1.0,0.0
370462,0.0,1.0,0.0
599194,0.0,0.0,0.0
621948,0.0,0.0,0.0
873053,0.0,1.0,0.0
1051972,0.0,1.0,0.0
1141488,0.0,1.0,0.0
1625597,0.0,1.0,0.0
1995253,0.0,1.0,0.0
2314058,0.0,1.0,0.0
2511390,0.0,1.0,0.0
3014239,1.0,0.0,0.0
4378082,0.0,1.0,0.0
4690842,0.0,1.0,0.0
4963057,0.0,1.0,0.0
5230580,0.0,1.0,0.0
5551845,0.0,1.0,0.0
6060866,0.0,1.0,0.0
6668778,0.0,0.0,0.0
9192660,0.0,1.0,0.0
9771781,0.0,0.0,0.0
9911085,0.0,0.0,0.0
10945001,0.0,0.0,0.0
13276694,0.0,1.0,0.0
14611335,0.0,0.0,0.0
16043313,0.0,1.0,0.0
17390184,1.0,0.0,0.0
21464582,0.0,0.0,0.0
22112876,0.0,1.0,0.0
22954024,0.0,1.0,0.0
23534792,0.0,1.0,0.0
23875905,0.0,1.0,0.0
25655323,0.0,0.0,0.0
25655638,0.0,0.0,0.0
27895039,0.0,0.0,0.0
28157113,0.0,0.0,0.0
28168725,0.0,1.0,0.0
28732330,0.0,1.0,0.0
29532842,0.0,0.0,0.0
29860528,0.0,0.0,0.0
31443500,0.0,0.0,0.0
32301310,0.0,1.0,0.0
32664873,0.0,1.0,0.0
35875598,0.0,0.0,0.0
36814592,0.0,0.0,0.0
36997750,0.0,0.0,0.0
38216802,0.0,0.0,0.0
39210454,0.0,1.0,0.0
39806495,0.0,1.0,0.0
40844367,0.0,0.0,0.0
41619958,0.0,0.0,0.0
44991198,0.0,0.0,0.0
45492351,0.0,1.0,0.0
49021877,0.0,0.0,0.0
50144176,0.0,0.0,0.0
52753912,0.0,0.0,0.0
52781052,0.0,0.0,0.0
59572195,0.0,0.0,0.0
62645043,0.0,0.0,0.0
62730863,0.0,0.0,0.0
62776525,0.0,1.0,0.0
63331939,0.0,1.0,0.0
64095601,0.0,1.0,0.0
66313247,0.0,0.0,0.0
42626,0.0,0.0,0.0
98676,0.0,1.0,0.0
157136,0.0,0.0,0.0
264036,0.0,1.0,0.0
288210,0.0,1.0,0.0
298712,0.0,0.0,0.0
434868,0.0,0.0,0.0
512655,0.0,0.0,0.0
569097,0.0,0.0,0.0
579485,0.0,1.0,0.0
753103,0.0,0.0,0.0
964042,0.0,1.0,0.0
1148591,0.0,1.0,0.0
1250205,0.0,1.0,0.0
1519541,0.0,1.0,0.0
1774022,0.0,0.0,0.0
1814890,0.0,1.0,0.0
2178259,0.0,1.0,0.0
2281745,0.0,0.0,0.0
2866180,0.0,0.0,0.0
2867923,0.0,1.0,0.0
3068093,0.0,1.0,0.0
3384137,0.0,0.0,0.0
3487703,0.0,1.0,0.0
3897743,0.0,0.0,0.0
4103722,0.0,0.0,0.0
4163901,0.0,1.0,0.0
4193314,1.0,0.0,0.0
4348686,0.0,1.0,0.0
4510706,0.0,0.0,0.0
5710976,0.0,1.0,0.0
5870897,0.0,0.0,0.0
6808289,0.0,1.0,0.0
7970077,0.0,0.0,0.0
9096901,0.0,1.0,0.0
9190501,0.0,1.0,0.0
9587738,0.0,1.0,0.0
10005698,0.0,0.0,0.0
10157301,0.0,1.0,0.0
11669284,0.0,0.0,0.0
11984298,0.0,0.0,0.0
13622413,0.0,0.0,0.0
13848199,0.0,0.0,0.0
14057073,0.0,1.0,0.0
18362074,0.0,0.0,0.0
19092475,0.0,1.0,0.0
19241152,0.0,0.0,0.0
19305349,0.0,1.0,0.0
21553083,0.0,0.0,0.0
23502341,0.0,0.0,0.0
23529331,1.0,0.0,0.0
25244331,0.0,0.0,0.0
26528657,0.0,1.0,0.0
28855738,0.0,0.0,0.0
29719521,0.0,0.0,0.0
30871434,0.0,1.0,0.0
30872035,0.0,0.0,0.0
31467178,0.0,1.0,0.0
32296110,0.0,1.0,0.0
35664348,0.0,1.0,0.0
35719627,0.0,0.0,0.0
36054801,0.0,0.0,0.0
37125946,0.0,0.0,0.0
37842561,1.0,0.0,0.0
39091009,0.0,1.0,0.0
45715021,0.0,0.0,0.0
50280155,0.0,0.0,0.0
54630740,0.0,1.0,0.0
58166120,0.0,1.0,0.0
58212106,0.0,0.0,0.0
58413080,0.0,1.0,0.0
58916783,0.0,0.0,0.0
58961430,0.0,1.0,0.0
59808081,0.0,0.0,0.0
61581304,0.0,0.0,0.0
62520720,0.0,0.0,0.0
62520741,0.0,0.0,0.0
62863262,0.0,0.0,0.0
62977786,0.0,0.0,0.0
63043574,0.0,0.0,0.0
63173564,0.0,0.0,0.0
63556364,0.0,1.0,0.0
63580242,0.0,1.0,0.0
63602462,0.0,1.0,0.0
64317463,0.0,0.0,0.0
65787558,0.0,1.0,0.0
65904803,0.0,0.0,0.0
66020512,0.0,0.0,0.0
66255285,0.0,0.0,0.0
66419966,0.0,1.0,0.0
67717272,0.0,1.0,0.0
68760378,0.0,1.0,0.0
68851288,0.0,1.0,0.0
69008665,0.0,0.0,0.0
69143926,1.0,0.0,0.0
69245847,0.0,1.0,0.0
69368488,1.0,0.0,0.0
69386094,1.0,0.0,0.0
69477610,0.0,0.0,0.0
69743188,0.0,0.0,0.0
30611,0.0,0.0,0.0
152066,0.0,1.0,0.0
246893,0.0,0.0,0.0
275268,0.0,1.0,0.0
284337,0.0,1.0,0.0
348799,0.0,0.0,0.0
358711,0.0,1.0,0.0
400658,0.0,0.0,0.0
413009,0.0,1.0,0.0
470232,0.0,1.0,0.0
591724,0.0,1.0,0.0
623013,0.0,1.0,0.0
805877,0.0,1.0,0.0
856983,0.0,0.0,0.0
857099,0.0,0.0,0.0
857311,0.0,0.0,0.0
909249,0.0,1.0,0.0
929659,0.0,1.0,0.0
1052782,0.0,0.0,0.0
1108440,0.0,1.0,0.0
1755460,0.0,0.0,0.0
1811860,0.0,1.0,0.0
2044316,0.0,1.0,0.0
2065611,0.0,1.0,0.0
2199332,0.0,1.0,0.0
2210189,0.0,1.0,0.0
2219614,0.0,1.0,0.0
2265046,0.0,1.0,0.0
2274158,0.0,1.0,0.0
2290911,0.0,0.0,0.0
2323881,0.0,1.0,0.0
2354465,0.0,0.0,0.0
2390056,0.0,0.0,0.0
2444253,0.0,1.0,0.0
2606051,0.0,1.0,0.0
3064125,0.0,1.0,0.0
3064824,0.0,1.0,0.0
3095709,0.0,1.0,0.0
3342436,1.0,0.0,0.0
3820283,1.0,0.0,0.0
4442738,0.0,1.0,0.0
4458099,0.0,0.0,0.0
4827929,0.0,1.0,0.0
4854845,0.0,0.0,0.0
5456661,0.0,1.0,0.0
5791638,0.0,1.0,0.0
6031191,0.0,1.0,0.0
6143109,0.0,1.0,0.0
6390658,0.0,1.0,0.0
6693425,0.0,1.0,0.0
6830798,0.0,1.0,0.0
6870870,0.0,1.0,0.0
7131615,1.0,0.0,0.0
7169078,0.0,1.0,0.0
7301122,0.0,0.0,0.0
10216404,0.0,1.0,0.0
10587813,0.0,1.0,0.0
11012943,0.0,1.0,0.0
11358464,0.0,1.0,0.0
12066575,0.0,1.0,0.0
12610508,0.0,1.0,0.0
13303030,0.0,0.0,0.0
13877654,0.0,1.0,0.0
14469703,1.0,0.0,0.0
17046120,0.0,0.0,0.0
17164553,0.0,1.0,0.0
17658670,1.0,0.0,0.0
18027287,0.0,1.0,0.0
20566256,0.0,1.0,0.0
23018679,0.0,1.0,0.0
23921269,0.0,1.0,0.0
25304316,0.0,0.0,0.0
26501808,0.0,1.0,0.0
26906882,0.0,0.0,0.0
29477789,0.0,1.0,0.0
29656293,0.0,1.0,0.0
31591001,0.0,0.0,0.0
31821428,1.0,0.0,0.0
32968104,0.0,1.0,0.0
35817527,0.0,1.0,0.0
35906270,0.0,1.0,0.0
36460949,0.0,1.0,0.0
36579344,1.0,0.0,0.0
36579373,1.0,0.0,0.0
37937683,0.0,1.0,0.0
38094529,0.0,1.0,0.0
40663554,1.0,0.0,0.0
40671225,1.0,0.0,0.0
40689538,1.0,0.0,0.0
40853057,0.0,1.0,0.0
40956941,0.0,1.0,0.0
44303269,0.0,1.0,0.0
46214783,1.0,0.0,0.0
47846217,0.0,0.0,0.0
50345901,0.0,0.0,0.0
52002405,0.0,1.0,0.0
52010849,0.0,1.0,0.0
53011589,0.0,1.0,0.0
68289822,0.0,1.0,0.0
70020416,0.0,0.0,0.0
6176,0.0,1.0,0.0
7672,0.0,1.0,0.0
10576,0.0,1.0,0.0
10783,0.0,0.0,0.0
18995,0.0,1.0,0.0
19029,0.0,0.0,0.0
19669,0.0,0.0,0.0
20218,0.0,1.0,0.0
25169,0.0,1.0,0.0
26940,0.0,1.0,0.0
31501,0.0,1.0,0.0
33126,0.0,0.0,0.0
34052,0.0,0.0,0.0
43823,0.0,1.0,0.0
50286,0.0,0.0,0.0
50287,0.0,0.0,0.0
51847,0.0,0.0,0.0
60296,0.0,1.0,0.0
73100,0.0,1.0,0.0
73170,0.0,0.0,0.0
76018,0.0,0.0,0.0
79700,0.0,0.0,0.0
88678,0.0,0.0,0.0
102806,0.0,0.0,0.0
133462,0.0,0.0,0.0
137895,0.0,0.0,0.0
141957,0.0,0.0,0.0
155785,0.0,0.0,0.0
177840,0.0,1.0,0.0
179320,0.0,1.0,0.0
197469,0.0,1.0,0.0
265033,0.0,0.0,0.0
301574,0.0,0.0,0.0
323858,0.0,0.0,0.0
337250,0.0,1.0,0.0
338869,0.0,0.0,0.0
374904,0.0,1.0,0.0
418334,0.0,0.0,0.0
443972,0.0,0.0,0.0
524149,0.0,1.0,0.0
565879,0.0,0.0,0.0
600194,0.0,0.0,0.0
602965,0.0,0.0,0.0
605843,0.0,1.0,0.0
663389,0.0,1.0,0.0
725984,0.0,0.0,0.0
730484,0.0,1.0,0.0
801116,0.0,1.0,0.0
982480,0.0,0.0,0.0
1010164,0.0,0.0,0.0
1061378,0.0,1.0,0.0
1195387,0.0,1.0,0.0
1275470,0.0,0.0,0.0
1328408,0.0,1.0,0.0
1363408,0.0,1.0,0.0
1851712,0.0,0.0,0.0
2144497,0.0,1.0,0.0
2277051,0.0,0.0,0.0
2639875,0.0,0.0,0.0
2760350,0.0,1.0,0.0
2904477,0.0,1.0,0.0
4483446,0.0,0.0,0.0
5520458,0.0,0.0,0.0
5547766,0.0,0.0,0.0
5676692,0.0,0.0,0.0
5807082,0.0,0.0,0.0
5887084,0.0,1.0,0.0
6009939,0.0,0.0,0.0
6551171,0.0,0.0,0.0
6599447,0.0,0.0,0.0
11557106,0.0,0.0,0.0
11804737,0.0,0.0,0.0
18717177,0.0,0.0,0.0
22165607,0.0,0.0,0.0
25651119,0.0,0.0,0.0
26834355,0.0,0.0,0.0
29786782,0.0,1.0,0.0
30503447,0.0,0.0,0.0
32371533,0.0,0.0,0.0
32427039,0.0,0.0,0.0
33265724,0.0,0.0,0.0
34788799,0.0,0.0,0.0
34831978,0.0,0.0,0.0
37207067,0.0,0.0,0.0
38971239,0.0,0.0,0.0
39502474,0.0,0.0,0.0
42089078,0.0,0.0,0.0
43603241,0.0,0.0,0.0
44079493,0.0,0.0,0.0
47069739,0.0,0.0,0.0
52333186,0.0,0.0,0.0
54761901,0.0,0.0,0.0
55499825,0.0,0.0,0.0
57024883,0.0,0.0,0.0
58058892,0.0,0.0,0.0
58064305,0.0,0.0,0.0
60143476,0.0,0.0,0.0
60714257,0.0,0.0,0.0
62543180,0.0,0.0,0.0
63935996,0.0,0.0,0.0
22680,0.0,1.0,0.0
98550,0.0,1.0,0.0
183393,0.0,0.0,0.0
266108,0.0,1.0,0.0
356189,0.0,0.0,0.0
435508,0.0,1.0,0.0
593318,0.0,0.0,0.0
593327,0.0,0.0,0.0
593330,0.0,0.0,0.0
601910,0.0,0.0,0.0
641036,1.0,0.0,0.0
923134,0.0,0.0,0.0
949512,0.0,0.0,0.0
1028193,0.0,1.0,0.0
1094266,1.0,0.0,0.0
1206600,0.0,1.0,0.0
1312856,0.0,0.0,0.0
1745417,0.0,0.0,0.0
1774482,0.0,0.0,0.0
1820646,1.0,0.0,0.0
1826891,0.0,0.0,0.0
1827689,0.0,1.0,0.0
2102605,0.0,1.0,0.0
2523602,0.0,0.0,0.0
2730382,0.0,0.0,0.0
2793412,0.0,0.0,0.0
2796755,0.0,0.0,0.0
3170038,0.0,0.0,0.0
3177105,0.0,0.0,0.0
3796067,0.0,1.0,0.0
3929925,0.0,0.0,0.0
4015797,0.0,1.0,0.0
4664629,0.0,0.0,0.0
5426757,0.0,0.0,0.0
5603992,0.0,0.0,0.0
5604126,0.0,0.0,0.0
6094497,0.0,1.0,0.0
8725447,0.0,0.0,0.0
13076227,0.0,0.0,0.0
14893448,0.0,0.0,0.0
15278908,0.0,0.0,0.0
15974098,0.0,0.0,0.0
16036025,0.0,1.0,0.0
18674547,0.0,0.0,0.0
18674555,0.0,0.0,0.0
18674586,0.0,0.0,0.0
18674731,0.0,0.0,0.0
18676045,0.0,0.0,0.0
19286436,0.0,0.0,0.0
24418052,0.0,0.0,0.0
24418084,0.0,0.0,0.0
24418177,0.0,0.0,0.0
26554195,0.0,0.0,0.0
26707746,0.0,0.0,0.0
27133308,0.0,0.0,0.0
28655813,0.0,0.0,0.0
28935812,0.0,0.0,0.0
28968188,0.0,0.0,0.0
29508708,0.0,0.0,0.0
31196403,0.0,0.0,0.0
31353270,0.0,0.0,0.0
32058679,0.0,0.0,0.0
32866542,0.0,0.0,0.0
33207560,0.0,0.0,0.0
33847248,0.0,0.0,0.0
36108567,0.0,0.0,0.0
36537910,0.0,0.0,0.0
37593703,0.0,0.0,0.0
37892451,0.0,0.0,0.0
38338120,0.0,0.0,0.0
42283865,0.0,0.0,0.0
42358391,0.0,0.0,0.0
42711851,0.0,0.0,0.0
43647024,0.0,0.0,0.0
43866567,0.0,0.0,0.0
44021504,0.0,0.0,0.0
44143083,0.0,0.0,0.0
44179905,0.0,0.0,0.0
44806442,0.0,0.0,0.0
45696697,0.0,0.0,0.0
46823146,0.0,0.0,0.0
48129689,0.0,0.0,0.0
48665159,0.0,0.0,0.0
48844145,0.0,0.0,0.0
49742198,0.0,0.0,0.0
50348662,0.0,0.0,0.0
50578953,0.0,1.0,0.0
51083856,0.0,0.0,0.0
51546719,0.0,0.0,0.0
52467734,0.0,0.0,0.0
53547769,0.0,0.0,0.0
53899267,0.0,0.0,0.0
55968234,0.0,0.0,0.0
59884729,0.0,0.0,0.0
60722116,0.0,0.0,0.0
64131838,0.0,0.0,0.0
66202728,0.0,0.0,0.0
67244652,0.0,1.0,0.0
68952205,0.0,0.0,0.0
69275452,0.0,0.0,0.0
7388,0.0,0.0,0.0
12639,0.0,0.0,0.0
13450,0.0,0.0,0.0
13808,0.0,0.0,0.0
13876,0.0,0.0,0.0
16043,0.0,0.0,0.0
16494,0.0,1.0,0.0
17423,0.0,0.0,0.0
20985,0.0,0.0,0.0
27786,0.0,1.0,0.0
28179,0.0,0.0,0.0
28333,0.0,0.0,0.0
30526,0.0,0.0,0.0
32783,0.0,0.0,0.0
52949,0.0,0.0,0.0
58224,0.0,0.0,0.0
65719,0.0,0.0,0.0
67761,0.0,1.0,0.0
69295,0.0,0.0,0.0
69308,0.0,0.0,0.0
69596,0.0,0.0,0.0
69661,0.0,0.0,0.0
146223,0.0,0.0,0.0
163320,0.0,0.0,0.0
165404,0.0,0.0,0.0
171531,0.0,0.0,0.0
184485,0.0,0.0,0.0
188587,0.0,0.0,0.0
303866,0.0,0.0,0.0
304141,0.0,0.0,0.0
316389,0.0,0.0,0.0
316400,0.0,1.0,0.0
345179,0.0,0.0,0.0
360506,0.0,0.0,0.0
405453,0.0,0.0,0.0
429438,0.0,0.0,0.0
434266,0.0,1.0,0.0
441488,0.0,0.0,0.0
625060,0.0,0.0,0.0
673123,0.0,0.0,0.0
763500,0.0,0.0,0.0
817525,0.0,1.0,0.0
866858,0.0,0.0,0.0
871012,0.0,0.0,0.0
877042,0.0,0.0,0.0
909512,0.0,0.0,0.0
1021149,0.0,0.0,0.0
1041578,0.0,0.0,0.0
1066080,0.0,0.0,0.0
1075246,0.0,0.0,0.0
1114732,0.0,0.0,0.0
1147409,0.0,0.0,0.0
1353978,0.0,0.0,0.0
1356252,0.0,0.0,0.0
1388694,0.0,0.0,0.0
1491116,0.0,0.0,0.0
1894054,0.0,0.0,0.0
1914645,0.0,0.0,0.0
2168717,0.0,0.0,0.0
2323456,0.0,1.0,0.0
2514951,0.0,0.0,0.0
2637725,0.0,0.0,0.0
2729507,0.0,0.0,0.0
3497751,0.0,0.0,0.0
4284638,0.0,0.0,0.0
5872605,0.0,0.0,0.0
5978347,0.0,0.0,0.0
6113386,0.0,0.0,0.0
6901035,0.0,0.0,0.0
7696431,0.0,0.0,0.0
7832758,0.0,0.0,0.0
8705545,0.0,0.0,0.0
8753463,0.0,1.0,0.0
8786572,0.0,0.0,0.0
9282173,0.0,0.0,0.0
11205731,0.0,0.0,0.0
13660150,0.0,0.0,0.0
13676792,0.0,0.0,0.0
14999591,0.0,0.0,0.0
18701420,0.0,0.0,0.0
19344555,0.0,0.0,0.0
19890049,0.0,0.0,0.0
20533786,0.0,0.0,0.0
20836075,0.0,0.0,0.0
21491730,0.0,0.0,0.0
21492813,0.0,0.0,0.0
22752590,0.0,0.0,0.0
24220382,0.0,0.0,0.0
26571478,0.0,0.0,0.0
27596908,0.0,0.0,0.0
28163575,0.0,0.0,0.0
29463753,0.0,0.0,0.0
31557493,0.0,0.0,0.0
32008847,0.0,0.0,0.0
32043320,0.0,0.0,0.0
33141450,0.0,0.0,0.0
33610767,0.0,0.0,0.0
33797218,0.0,0.0,0.0
69086547,0.0,1.0,0.0
13978,0.0,0.0,0.0
25022,0.0,1.0,0.0
26094,0.0,0.0,0.0
43165,1.0,0.0,0.0
45387,0.0,0.0,0.0
53388,0.0,1.0,0.0
57616,0.0,0.0,0.0
61842,1.0,0.0,0.0
64803,0.0,0.0,0.0
84639,1.0,0.0,0.0
106409,0.0,0.0,0.0
173848,1.0,0.0,0.0
184976,1.0,0.0,0.0
189774,0.0,1.0,0.0
190179,0.0,0.0,0.0
190198,0.0,0.0,0.0
190212,0.0,0.0,0.0
190213,0.0,0.0,0.0
190217,0.0,0.0,0.0
190220,0.0,0.0,0.0
190771,0.0,0.0,0.0
190779,0.0,0.0,0.0
190791,0.0,0.0,0.0
192933,0.0,0.0,0.0
199154,0.0,0.0,0.0
214866,0.0,1.0,0.0
266424,0.0,0.0,0.0
295734,0.0,0.0,0.0
296499,0.0,0.0,0.0
296550,0.0,0.0,0.0
320172,1.0,0.0,0.0
363728,0.0,1.0,0.0
375464,1.0,0.0,0.0
462469,0.0,0.0,0.0
551790,1.0,0.0,0.0
562444,0.0,0.0,0.0
576607,0.0,0.0,0.0
768480,0.0,1.0,0.0
923383,0.0,1.0,0.0
1014052,0.0,1.0,0.0
1039873,0.0,0.0,0.0
1154804,0.0,0.0,0.0
1181475,0.0,0.0,0.0
1287137,0.0,0.0,0.0
1328473,0.0,1.0,0.0
1540046,1.0,0.0,0.0
1548486,0.0,1.0,0.0
1599519,0.0,0.0,0.0
1768396,0.0,0.0,0.0
2241409,0.0,0.0,0.0
2243028,0.0,0.0,0.0
2281650,0.0,1.0,0.0
2344939,0.0,1.0,0.0
2383664,0.0,0.0,0.0
2432783,0.0,0.0,0.0
3255822,1.0,0.0,0.0
3260205,0.0,0.0,0.0
3666156,1.0,0.0,0.0
3835399,0.0,0.0,0.0
3849965,0.0,0.0,0.0
3868249,0.0,0.0,0.0
4142918,0.0,1.0,0.0
4196755,0.0,1.0,0.0
4306094,1.0,0.0,0.0
4491083,0.0,0.0,0.0
4660436,1.0,0.0,0.0
4882463,0.0,0.0,0.0
5076410,0.0,1.0,0.0
5775489,0.0,0.0,0.0
5818558,0.0,0.0,0.0
7572478,0.0,1.0,0.0
9777095,0.0,1.0,0.0
13126850,1.0,0.0,0.0
16169928,1.0,0.0,0.0
16197000,0.0,0.0,0.0
17635453,0.0,0.0,0.0
18524947,0.0,1.0,0.0
18973384,0.0,0.0,0.0
19203036,0.0,1.0,0.0
19730435,1.0,0.0,0.0
20334923,0.0,0.0,0.0
21061121,0.0,1.0,0.0
21216634,0.0,0.0,0.0
22609019,0.0,1.0,0.0
22721196,0.0,0.0,0.0
23201408,0.0,0.0,0.0
23299133,0.0,0.0,0.0
28487899,0.0,0.0,0.0
31886606,0.0,1.0,0.0
37397883,0.0,0.0,0.0
38366704,0.0,1.0,0.0
42412169,1.0,0.0,0.0
43176668,0.0,0.0,0.0
44913182,0.0,0.0,0.0
45536560,0.0,0.0,0.0
50488409,0.0,0.0,0.0
50734476,0.0,0.0,0.0
54340115,0.0,0.0,0.0
56191593,0.0,0.0,0.0
59582899,0.0,0.0,0.0
690,0.0,0.0,0.0
2273,0.0,0.0,0.0
26049,0.0,0.0,0.0
51749,0.0,1.0,0.0
58684,0.0,1.0,0.0
70748,0.0,0.0,0.0
79818,0.0,0.0,0.0
79820,0.0,0.0,0.0
99166,0.0,0.0,0.0
422590,0.0,0.0,0.0
611793,0.0,0.0,0.0
616575,0.0,1.0,0.0
685975,0.0,1.0,0.0
737447,0.0,1.0,0.0
754207,0.0,1.0,0.0
797114,0.0,1.0,0.0
891933,0.0,1.0,0.0
943546,0.0,0.0,0.0
1223503,0.0,0.0,0.0
1466668,0.0,1.0,0.0
1697499,0.0,0.0,0.0
1886415,0.0,1.0,0.0
1890456,0.0,1.0,0.0
2295002,0.0,1.0,0.0
2452059,0.0,1.0,0.0
2584069,0.0,1.0,0.0
2624862,0.0,1.0,0.0
3110545,0.0,0.0,0.0
3149200,0.0,1.0,0.0
3626129,0.0,1.0,0.0
3907286,0.0,0.0,0.0
4091749,0.0,0.0,0.0
4371182,0.0,1.0,0.0
4779630,0.0,0.0,0.0
6642825,0.0,1.0,0.0
7111844,0.0,1.0,0.0
7323064,0.0,1.0,0.0
7639725,0.0,0.0,0.0
8711011,0.0,0.0,0.0
9208483,0.0,1.0,0.0
9424338,0.0,0.0,0.0
9556812,0.0,0.0,0.0
9647657,0.0,0.0,0.0
10137924,0.0,0.0,0.0
10989406,0.0,0.0,0.0
11615211,0.0,1.0,0.0
11679218,0.0,1.0,0.0
15567102,0.0,1.0,0.0
16278414,0.0,0.0,0.0
18043191,0.0,0.0,0.0
18510041,0.0,0.0,0.0
18907946,0.0,1.0,0.0
19984408,0.0,0.0,0.0
20464520,0.0,0.0,0.0
23840388,0.0,1.0,0.0
24383321,0.0,1.0,0.0
24530866,0.0,1.0,0.0
25142948,0.0,1.0,0.0
26276416,0.0,1.0,0.0
28104688,0.0,1.0,0.0
28827271,0.0,0.0,0.0
28957719,0.0,1.0,0.0
29970208,1.0,0.0,0.0
32140133,0.0,1.0,0.0
32368605,0.0,1.0,0.0
32747917,0.0,1.0,0.0
32890104,0.0,1.0,0.0
33138423,0.0,0.0,0.0
34174942,0.0,0.0,0.0
35023585,0.0,1.0,0.0
36025889,0.0,1.0,0.0
36596133,0.0,1.0,0.0
39012238,0.0,1.0,0.0
39227619,0.0,0.0,0.0
39448898,0.0,1.0,0.0
40174926,0.0,0.0,0.0
40424199,0.0,0.0,0.0
42432214,0.0,0.0,0.0
47413358,0.0,0.0,0.0
48672071,0.0,1.0,0.0
49366908,0.0,1.0,0.0
50758053,0.0,0.0,0.0
51317118,1.0,0.0,0.0
51468114,0.0,1.0,0.0
52034387,1.0,0.0,0.0
52851830,0.0,0.0,0.0
52874038,0.0,1.0,0.0
53332412,1.0,0.0,0.0
53657754,0.0,1.0,0.0
56230993,0.0,1.0,0.0
56630801,0.0,1.0,0.0
57789634,1.0,0.0,0.0
60637174,0.0,0.0,0.0
61392723,0.0,1.0,0.0
61779545,0.0,1.0,0.0
65558184,1.0,0.0,0.0
67548813,1.0,0.0,0.0
69826032,0.0,1.0,0.0
70060994,0.0,1.0,0.0
70079203,0.0,1.0,0.0
23604,0.0,0.0,0.0
29648,0.0,0.0,0.0
52797,0.0,0.0,0.0
58453,0.0,0.0,0.0
173458,0.0,0.0,0.0
291260,0.0,0.0,0.0
309919,0.0,0.0,0.0
355753,0.0,0.0,0.0
360345,0.0,1.0,0.0
406119,0.0,1.0,0.0
563998,0.0,1.0,0.0
638308,0.0,0.0,0.0
662539,0.0,0.0,0.0
774063,0.0,0.0,0.0
878859,0.0,0.0,0.0
887354,0.0,0.0,0.0
916132,0.0,0.0,0.0
916138,0.0,0.0,0.0
933870,0.0,0.0,0.0
1054632,0.0,0.0,0.0
1181109,0.0,0.0,0.0
1391856,0.0,0.0,0.0
1442763,0.0,1.0,0.0
1656025,1.0,0.0,0.0
1693784,0.0,0.0,0.0
1693845,0.0,0.0,0.0
1693854,0.0,0.0,0.0
2006103,0.0,0.0,0.0
2094306,0.0,0.0,0.0
2146329,0.0,1.0,0.0
2189313,0.0,0.0,0.0
2419850,0.0,0.0,0.0
2443079,0.0,0.0,0.0
2531789,0.0,1.0,0.0
2838157,0.0,0.0,0.0
2886106,0.0,0.0,0.0
3032314,0.0,0.0,0.0
3146672,0.0,0.0,0.0
3193137,0.0,0.0,0.0
3253229,0.0,0.0,0.0
3417467,0.0,1.0,0.0
3616597,0.0,0.0,0.0
4146508,0.0,1.0,0.0
4175170,0.0,0.0,0.0
5059741,0.0,0.0,0.0
5587936,0.0,0.0,0.0
6053928,0.0,1.0,0.0
6556867,0.0,0.0,0.0
7055504,1.0,0.0,0.0
7256538,0.0,1.0,0.0
7296395,0.0,0.0,0.0
7601155,1.0,0.0,0.0
7937506,0.0,0.0,0.0
8058816,0.0,0.0,0.0
9024570,1.0,0.0,0.0
10852127,0.0,1.0,0.0
11892999,0.0,1.0,0.0
13208662,0.0,0.0,0.0
13521870,0.0,1.0,0.0
13523392,0.0,1.0,0.0
13525379,0.0,1.0,0.0
15296707,0.0,1.0,0.0
15399433,1.0,0.0,0.0
16855527,1.0,0.0,0.0
19375633,0.0,1.0,0.0
19781464,0.0,1.0,0.0
20098807,1.0,0.0,0.0
20104115,0.0,0.0,0.0
23132148,0.0,1.0,0.0
23279734,0.0,1.0,0.0
23556271,0.0,1.0,0.0
32311617,0.0,1.0,0.0
33161039,0.0,0.0,0.0
33618510,1.0,0.0,0.0
36841973,0.0,0.0,0.0
37797053,0.0,1.0,0.0
38203381,0.0,0.0,0.0
38568145,0.0,1.0,0.0
38568601,0.0,1.0,0.0
40151723,1.0,0.0,0.0
40200597,1.0,0.0,0.0
42299221,0.0,1.0,0.0
43701923,0.0,1.0,0.0
44090206,0.0,1.0,0.0
46677783,0.0,1.0,0.0
47186683,0.0,1.0,0.0
48828160,0.0,1.0,0.0
49767806,0.0,1.0,0.0
49868867,0.0,1.0,0.0
50485562,0.0,1.0,0.0
52518865,0.0,1.0,0.0
52614641,0.0,1.0,0.0
61384172,0.0,0.0,0.0
63086353,0.0,1.0,0.0
63097527,0.0,1.0,0.0
64714270,0.0,1.0,0.0
65475725,0.0,0.0,0.0
68008851,0.0,1.0,0.0
68408777,0.0,1.0,0.0
12987,0.0,0.0,0.0
13456,0.0,0.0,0.0
14701,0.0,0.0,0.0
23463,0.0,0.0,0.0
31605,0.0,0.0,0.0
31726,0.0,0.0,0.0
32021,0.0,0.0,0.0
66467,0.0,0.0,0.0
67576,0.0,0.0,0.0
77006,0.0,0.0,0.0
169131,0.0,0.0,0.0
201835,0.0,1.0,0.0
232018,0.0,1.0,0.0
379679,0.0,0.0,0.0
384080,0.0,0.0,0.0
409000,1.0,0.0,0.0
440517,0.0,0.0,0.0
543729,0.0,1.0,0.0
584318,0.0,0.0,0.0
596733,0.0,1.0,0.0
620513,0.0,0.0,0.0
1053042,1.0,0.0,0.0
1209852,0.0,0.0,0.0
1243179,0.0,1.0,0.0
1394329,0.0,0.0,0.0
1679450,0.0,1.0,0.0
1802718,1.0,0.0,0.0
1910846,0.0,0.0,0.0
1916393,0.0,0.0,0.0
2024693,0.0,0.0,0.0
2045683,1.0,0.0,0.0
2172378,0.0,0.0,0.0
2331138,0.0,1.0,0.0
2332430,0.0,0.0,0.0
2592512,1.0,0.0,0.0
2919984,0.0,1.0,0.0
2935158,0.0,0.0,0.0
3119965,0.0,1.0,0.0
3265565,0.0,0.0,0.0
3622562,0.0,0.0,0.0
3748739,0.0,0.0,0.0
4096888,0.0,0.0,0.0
4379901,0.0,1.0,0.0
4457941,0.0,0.0,0.0
4587587,0.0,0.0,0.0
4948778,0.0,0.0,0.0
5105666,0.0,1.0,0.0
5150503,0.0,0.0,0.0
5173337,0.0,1.0,0.0
5175993,0.0,0.0,0.0
5928705,0.0,0.0,0.0
5944027,0.0,0.0,0.0
7197854,1.0,0.0,0.0
7518030,0.0,0.0,0.0
8005160,0.0,0.0,0.0
8087234,0.0,0.0,0.0
9161315,0.0,0.0,0.0
9802596,0.0,1.0,0.0
10844387,0.0,0.0,0.0
11351653,0.0,0.0,0.0
12008038,0.0,0.0,0.0
12595398,0.0,0.0,0.0
12668582,1.0,0.0,0.0
13200141,0.0,0.0,0.0
16320261,0.0,0.0,0.0
17635463,0.0,0.0,0.0
19680795,0.0,0.0,0.0
19771100,1.0,0.0,0.0
20048880,0.0,0.0,0.0
20101418,0.0,1.0,0.0
20743312,0.0,0.0,0.0
20784507,0.0,0.0,0.0
23490410,0.0,0.0,0.0
26652084,0.0,0.0,0.0
26999528,0.0,0.0,0.0
27622890,0.0,0.0,0.0
30281124,1.0,0.0,0.0
32325910,0.0,0.0,0.0
39224507,0.0,0.0,0.0
42223515,0.0,0.0,0.0
42756484,0.0,0.0,0.0
44173288,1.0,0.0,0.0
44260336,0.0,0.0,0.0
48417209,0.0,0.0,0.0
48815336,0.0,0.0,0.0
50509256,0.0,0.0,0.0
51060660,0.0,0.0,0.0
52244987,0.0,0.0,0.0
52846360,0.0,0.0,0.0
54061670,0.0,0.0,0.0
55957115,0.0,0.0,0.0
56666287,0.0,0.0,0.0
57179812,0.0,0.0,0.0
58890407,0.0,0.0,0.0
59594788,0.0,0.0,0.0
63366667,0.0,0.0,0.0
63597393,0.0,0.0,0.0
64175202,0.0,0.0,0.0
66052562,0.0,0.0,0.0
28478,0.0,0.0,0.0
38957,0.0,0.0,0.0
207642,0.0,0.0,0.0
344836,0.0,0.0,0.0
349655,0.0,0.0,0.0
373290,0.0,0.0,0.0
521973,1.0,0.0,0.0
528608,1.0,0.0,0.0
811839,0.0,1.0,0.0
1039437,1.0,0.0,0.0
1742929,0.0,0.0,0.0
2119801,0.0,0.0,0.0
2390629,0.0,1.0,0.0
2566470,1.0,0.0,0.0
2659050,0.0,0.0,0.0
3051141,0.0,0.0,0.0
3217434,0.0,0.0,0.0
3339229,1.0,0.0,0.0
3342463,1.0,0.0,0.0
3435156,0.0,0.0,0.0
3481741,0.0,0.0,0.0
3809868,0.0,0.0,0.0
3856527,0.0,0.0,0.0
3946794,1.0,0.0,0.0
3970312,0.0,0.0,0.0
3986073,0.0,1.0,0.0
3988656,0.0,0.0,0.0
4029275,0.0,0.0,0.0
4029346,0.0,0.0,0.0
4099898,1.0,0.0,0.0
4100042,0.0,1.0,0.0
4110254,0.0,0.0,0.0
4139033,0.0,0.0,0.0
4368276,0.0,0.0,0.0
4762846,0.0,0.0,0.0
5357883,0.0,0.0,0.0
5383029,0.0,1.0,0.0
5680177,0.0,0.0,0.0
5946970,0.0,1.0,0.0
9352416,0.0,0.0,0.0
9670945,1.0,0.0,0.0
9865611,1.0,0.0,0.0
10990440,1.0,0.0,0.0
12808675,0.0,0.0,0.0
12853323,1.0,0.0,0.0
13531124,0.0,1.0,0.0
13730493,0.0,1.0,0.0
14126388,0.0,0.0,0.0
14257897,0.0,1.0,0.0
16338120,0.0,0.0,0.0
17625380,1.0,0.0,0.0
17753225,0.0,1.0,0.0
18670284,0.0,0.0,0.0
20934692,0.0,1.0,0.0
20946802,1.0,0.0,0.0
23295343,0.0,0.0,0.0
23417203,1.0,0.0,0.0
23672476,1.0,0.0,0.0
25147785,0.0,0.0,0.0
25148625,0.0,0.0,0.0
26050866,0.0,0.0,0.0
26368212,0.0,1.0,0.0
26832100,1.0,0.0,0.0
30742929,1.0,0.0,0.0
30797792,0.0,1.0,0.0
33309947,1.0,0.0,0.0
35499335,0.0,1.0,0.0
35509373,0.0,1.0,0.0
35772445,0.0,0.0,0.0
38348389,0.0,1.0,0.0
38490834,0.0,0.0,0.0
38490888,0.0,0.0,0.0
38491051,0.0,0.0,0.0
40516698,0.0,0.0,0.0
41209348,0.0,1.0,0.0
41436206,1.0,0.0,0.0
41871438,1.0,0.0,0.0
42032239,1.0,0.0,0.0
42211389,0.0,1.0,0.0
47598178,0.0,0.0,0.0
49244958,0.0,0.0,0.0
51511867,0.0,0.0,0.0
52952765,0.0,0.0,0.0
53534740,1.0,0.0,0.0
54982879,0.0,1.0,0.0
56145340,0.0,0.0,0.0
56537241,0.0,1.0,0.0
56797891,0.0,0.0,0.0
56808891,0.0,0.0,0.0
56808995,0.0,0.0,0.0
56809394,0.0,0.0,0.0
57392098,0.0,0.0,0.0
58362042,1.0,0.0,0.0
62856439,1.0,0.0,0.0
63950591,0.0,0.0,0.0
67126194,1.0,0.0,0.0
67741488,0.0,0.0,0.0
68142213,0.0,0.0,0.0
68142917,0.0,0.0,0.0
69916470,0.0,1.0,0.0
5428,0.0,0.0,0.0
17752,0.0,0.0,0.0
17753,0.0,0.0,0.0
28741,0.0,0.0,0.0
30128,0.0,0.0,0.0
30129,0.0,0.0,0.0
30130,0.0,0.0,0.0
30137,0.0,0.0,0.0
37702,0.0,0.0,0.0
52053,0.0,0.0,0.0
69147,0.0,0.0,0.0
89811,0.0,0.0,0.0
153025,0.0,0.0,0.0
153039,0.0,0.0,0.0
158967,0.0,0.0,0.0
165348,0.0,0.0,0.0
174668,0.0,0.0,0.0
197158,0.0,0.0,0.0
201443,0.0,0.0,0.0
203665,0.0,0.0,0.0
203693,0.0,1.0,0.0
203754,0.0,1.0,0.0
203795,0.0,1.0,0.0
204765,0.0,0.0,0.0
218862,0.0,0.0,0.0
222431,0.0,0.0,0.0
224348,0.0,0.0,0.0
307360,0.0,0.0,0.0
334751,0.0,0.0,0.0
350571,0.0,0.0,0.0
350575,0.0,0.0,0.0
350576,0.0,0.0,0.0
427411,0.0,1.0,0.0
522852,0.0,0.0,0.0
735804,0.0,1.0,0.0
771600,0.0,0.0,0.0
1082460,0.0,0.0,0.0
1183459,0.0,0.0,0.0
1417207,0.0,1.0,0.0
1417240,0.0,1.0,0.0
1429661,0.0,0.0,0.0
1575383,0.0,0.0,0.0
1708722,0.0,0.0,0.0
1721293,0.0,0.0,0.0
1947484,0.0,0.0,0.0
1996872,0.0,0.0,0.0
2520003,0.0,1.0,0.0
2670504,0.0,0.0,0.0
2938344,0.0,0.0,0.0
3987474,0.0,0.0,0.0
4459700,0.0,0.0,0.0
4557934,0.0,0.0,0.0
4599344,0.0,1.0,0.0
4674483,0.0,0.0,0.0
5052211,0.0,0.0,0.0
5159983,0.0,0.0,0.0
5324607,0.0,0.0,0.0
6658464,0.0,0.0,0.0
7323574,0.0,0.0,0.0
11645410,0.0,0.0,0.0
13900786,0.0,0.0,0.0
15441707,0.0,0.0,0.0
15445136,0.0,0.0,0.0
15790654,0.0,1.0,0.0
15852104,0.0,0.0,0.0
15952341,0.0,0.0,0.0
15958506,0.0,0.0,0.0
17484959,0.0,0.0,0.0
17899391,0.0,0.0,0.0
22340225,0.0,0.0,0.0
23452177,0.0,0.0,0.0
26091715,0.0,0.0,0.0
28834431,0.0,0.0,0.0
30320441,0.0,0.0,0.0
31175567,0.0,0.0,0.0
31546339,0.0,0.0,0.0
31597914,0.0,0.0,0.0
31613817,0.0,0.0,0.0
32194542,0.0,0.0,0.0
32300174,0.0,0.0,0.0
32411786,0.0,0.0,0.0
33431714,0.0,0.0,0.0
33917547,0.0,0.0,0.0
38028031,0.0,0.0,0.0
39455049,0.0,0.0,0.0
41788731,0.0,0.0,0.0
46223831,0.0,0.0,0.0
47827278,0.0,0.0,0.0
48361135,0.0,0.0,0.0
48430408,0.0,0.0,0.0
48444934,0.0,0.0,0.0
53037897,0.0,0.0,0.0
53868684,0.0,0.0,0.0
53869104,0.0,0.0,0.0
64695115,0.0,0.0,0.0
65081684,0.0,0.0,0.0
66733668,0.0,0.0,0.0
68385478,0.0,0.0,0.0
68403530,0.0,0.0,0.0
5907,0.0,0.0,0.0
44616,0.0,0.0,0.0
53486,1.0,0.0,0.0
101358,0.0,0.0,0.0
102592,1.0,0.0,0.0
102685,1.0,0.0,0.0
143554,0.0,0.0,0.0
154549,0.0,0.0,0.0
163282,0.0,1.0,0.0
170144,1.0,0.0,0.0
181274,0.0,0.0,0.0
187586,0.0,0.0,0.0
217200,0.0,0.0,0.0
235879,0.0,0.0,0.0
276221,0.0,1.0,0.0
294315,0.0,0.0,0.0
294791,0.0,1.0,0.0
327853,0.0,1.0,0.0
357520,0.0,0.0,0.0
363905,0.0,1.0,0.0
464847,0.0,0.0,0.0
483492,0.0,1.0,0.0
519607,1.0,0.0,0.0
543503,0.0,0.0,0.0
634929,1.0,0.0,0.0
635632,0.0,1.0,0.0
664601,1.0,0.0,0.0
721220,1.0,0.0,0.0
798088,0.0,0.0,0.0
884607,0.0,0.0,0.0
921570,1.0,0.0,0.0
937536,0.0,1.0,0.0
939763,1.0,0.0,0.0
977921,0.0,0.0,0.0
1056489,1.0,0.0,0.0
1130374,0.0,1.0,0.0
1161013,0.0,0.0,0.0
1170080,0.0,1.0,0.0
1350109,0.0,0.0,0.0
1573279,1.0,0.0,0.0
1600208,0.0,1.0,0.0
1751628,0.0,0.0,0.0
1856120,1.0,0.0,0.0
2225407,0.0,0.0,0.0
2357409,1.0,0.0,0.0
2409196,1.0,0.0,0.0
2994408,0.0,1.0,0.0
3019834,0.0,0.0,0.0
3214934,0.0,0.0,0.0
4243261,0.0,0.0,0.0
5174671,0.0,0.0,0.0
5940706,1.0,0.0,0.0
6018749,0.0,0.0,0.0
6579025,0.0,0.0,0.0
7942344,0.0,0.0,0.0
9313589,0.0,0.0,0.0
9575098,0.0,0.0,0.0
10110097,1.0,0.0,0.0
10860019,0.0,0.0,0.0
11083510,0.0,0.0,0.0
14192171,0.0,0.0,0.0
14192437,0.0,0.0,0.0
14192499,0.0,0.0,0.0
14192538,0.0,0.0,0.0
14461143,0.0,0.0,0.0
15512209,0.0,0.0,0.0
16059404,0.0,1.0,0.0
16160597,0.0,0.0,0.0
17152567,0.0,0.0,0.0
21277909,0.0,0.0,0.0
21971882,0.0,0.0,0.0
22150656,0.0,0.0,0.0
22220503,0.0,0.0,0.0
22234968,0.0,0.0,0.0
22235900,0.0,0.0,0.0
22237982,0.0,0.0,0.0
22315788,0.0,0.0,0.0
22348078,0.0,0.0,0.0
22735404,0.0,0.0,0.0
24311663,0.0,0.0,0.0
24399451,0.0,0.0,0.0
25571093,0.0,0.0,0.0
26150013,0.0,0.0,0.0
27070286,0.0,0.0,0.0
30752512,0.0,1.0,0.0
34158305,0.0,0.0,0.0
36877214,0.0,0.0,0.0
37340995,0.0,1.0,0.0
37532953,0.0,0.0,0.0
37860057,0.0,0.0,0.0
39531066,1.0,0.0,0.0
42424137,0.0,0.0,0.0
43526128,0.0,0.0,0.0
46890682,0.0,0.0,0.0
52443080,0.0,0.0,0.0
59164269,0.0,0.0,0.0
62756948,0.0,0.0,0.0
63910123,0.0,0.0,0.0
65190607,0.0,1.0,0.0
68187312,0.0,0.0,0.0
17915,0.0,1.0,0.0
29773,0.0,0.0,0.0
65961,0.0,1.0,0.0
197638,0.0,0.0,0.0
238832,1.0,0.0,0.0
259041,0.0,1.0,0.0
262376,0.0,1.0,0.0
345090,0.0,1.0,0.0
383481,0.0,1.0,0.0
498335,0.0,1.0,0.0
914132,0.0,1.0,0.0
980836,0.0,1.0,0.0
1439517,0.0,1.0,0.0
1547532,0.0,1.0,0.0
1549452,0.0,1.0,0.0
1550535,0.0,1.0,0.0
1750635,0.0,1.0,0.0
1896352,0.0,1.0,0.0
1924889,0.0,1.0,0.0
1978564,0.0,1.0,0.0
2022317,0.0,1.0,0.0
2063318,0.0,0.0,0.0
2066904,0.0,0.0,0.0
2066950,0.0,0.0,0.0
2080298,0.0,1.0,0.0
2086074,0.0,0.0,0.0
2101432,0.0,1.0,0.0
2107034,0.0,1.0,0.0
2186447,0.0,1.0,0.0
2492789,0.0,1.0,0.0
2563973,0.0,1.0,0.0
2564028,0.0,1.0,0.0
3040386,0.0,1.0,0.0
3920935,0.0,1.0,0.0
4036250,0.0,1.0,0.0
4530612,0.0,1.0,0.0
5057078,0.0,1.0,0.0
5679842,0.0,1.0,0.0
5972057,0.0,1.0,0.0
7198710,0.0,0.0,0.0
7679426,0.0,1.0,0.0
8751071,0.0,1.0,0.0
8929079,0.0,1.0,0.0
9266679,0.0,0.0,0.0
10218362,0.0,1.0,0.0
11983898,0.0,1.0,0.0
12299543,0.0,1.0,0.0
12397961,0.0,1.0,0.0
12509095,0.0,1.0,0.0
13564371,0.0,0.0,0.0
14561401,0.0,1.0,0.0
14964223,0.0,0.0,0.0
16100029,0.0,1.0,0.0
16311036,0.0,1.0,0.0
17271235,0.0,0.0,0.0
17436425,0.0,1.0,0.0
17679324,0.0,1.0,0.0
20208462,0.0,0.0,0.0
20908342,0.0,0.0,0.0
24682715,0.0,0.0,0.0
24999779,0.0,0.0,0.0
25001976,0.0,1.0,0.0
26202911,0.0,0.0,0.0
26202940,0.0,0.0,0.0
26218783,0.0,0.0,0.0
26431480,0.0,1.0,0.0
26795473,0.0,1.0,0.0
27617886,0.0,0.0,0.0
28800111,0.0,1.0,0.0
28962046,0.0,1.0,0.0
30271484,0.0,0.0,0.0
32056520,0.0,0.0,0.0
33273218,0.0,0.0,0.0
33626443,0.0,0.0,0.0
34222163,0.0,0.0,0.0
34459708,0.0,0.0,0.0
34741563,0.0,1.0,0.0
35280227,0.0,0.0,0.0
35968794,0.0,0.0,0.0
36966192,0.0,1.0,0.0
37476861,0.0,1.0,0.0
37718278,0.0,1.0,0.0
38097374,0.0,0.0,0.0
38178922,0.0,0.0,0.0
38469148,0.0,0.0,0.0
38485029,0.0,0.0,0.0
39071851,0.0,0.0,0.0
39755766,0.0,1.0,0.0
39897895,0.0,0.0,0.0
41441619,0.0,0.0,0.0
43235094,0.0,0.0,0.0
45206464,0.0,0.0,0.0
47807671,0.0,1.0,0.0
48268960,0.0,1.0,0.0
49575668,0.0,0.0,0.0
50635396,0.0,1.0,0.0
53014929,0.0,0.0,0.0
54036545,0.0,1.0,0.0
60061043,0.0,1.0,0.0
65797924,0.0,0.0,0.0
